-8.072 129.81 93.38
-76.262 -20.984 -70.332
-63.427 39.583 24.892
61.908 -13.988 -83.879
-65.721 -38.213 37.12
-106.68 -44.018 -91.84
47.633 -60.594 -97.769
-49.304 -30.667 12.09
71.844 95.375 27.049
52.331 -65.619 61.717
-81.109 105.27 -78.608
-27.076 -75.045 16.197
58.573 105.76 27.24
57.514 -56.482 20.615
88.427 -49.581 -61.554
-5.3112 31.987 -95.432
-2.1664 5.7038 75.174
41.79 -37.703 -75.582
-107.31 -102.21 -102.81
9.5477 -88.718 -106.09
83.546 9.4775 103.95
37.205 -55.453 -0.53303
62.301 -81.216 2.7212
79.385 -10.752 -64.658
-21.259 73.762 74.898
82.143 67.851 61.534
106.66 11.637 93.953
56.971 -97.007 -27.305
5.7639 65.978 90.684
-52.101 32.686 43.028
82.192 -106.57 105.04
4.241 33.914 33.367
-12.552 13.094 51.671
-29.229 82.501 36.695
42.214 -83.337 79.977
-61.014 72.782 68.059
-53.055 25.316 -71.067
47.405 22.716 -73.492
38.112 -11.272 -106.15
91.012 100.43 59.367
-23.715 44.984 27.423
-19.672 -45.464 102.71
-91.168 55.264 107.44
77.41 106.7 86.065
-18.078 54.001 88.554
-73.825 19.862 -15.297
-4.3244 -80.244 46.34
-49.964 -82.648 -91.439
-27.324 22.622 58.34
7.034 -12.278 -95.822
1.0224 78.749 80.82
14.574 86.356 1.9917
-23.014 54.598 102.75
49.551 89.902 69.71
-95.287 -43.965 3.1833
73.97 -24.072 -38.913
9.5112 14.381 -12.482
-12.596 75.867 64.717
11.718 -36.734 -69.838
-58.165 -66.914 17.031
-39.609 -59.451 -97.078
56.886 50.586 38.358
43.973 -95.925 14.707
-26.912 -39.914 72.288
62.271 -89.288 -60.23
54.001 10.094 -76.662
-27.075 46.44 -30.511
-26.208 -47.431 42.816
39.684 -23.373 53.001
-71.604 85.972 -21.53
5.3966 87.19 -50.732
-76.646 52.458 87.663
33.021 41.882 2.6136
6.853 -45.916 6.7478
-89.496 -61.034 -1.2202
-34.148 -55.356 14.911
-5.0741 59.084 -3.9165
-34.585 -89.275 -47.969
25.109 42.669 83.485
-81.693 -62.632 -48.612
93.305 -29.723 107.03
88.019 94.495 -42.154
-14.654 24.95 19.85
92.656 64.848 -3.7066
33.649 65.755 -81.315
-56.95 2.1056 100.05
-75.374 85.709 103.02
-66.197 1.6919 -67.739
104.45 -10.114 96.112
35.297 -5.8176 -6.9273
-75.707 37.764 13.145
18.54 -105.89 -66.909
-38.166 106.94 37.689
76.044 -85.156 -20.013
-0.95556 -48.44 103.61
-17.781 -20.443 -41.665
50.446 10.861 -94.221
15.921 16.306 47.598
-20.321 -34.796 88.995
-85.176 -1.6734 48.433
94.529 -24.153 94.059
-74.145 -73.337 -76.479
60.557 7.1756 -45.694
-51.885 -0.68341 4.5852
17.182 59.942 -65.607
-21.765 60.842 -6.4155
-107.02 -81.201 -37.285
50.767 63.003 25.327
55.327 -35.797 -16.139
-35.891 44.229 68.876
71.685 -48.79 24.61
15.619 58.763 -48.584
-28.999 67.007 -77.432
34.171 28.239 0.39881
55.249 -71.119 45.052
-85.58 85.866 -54.874
-61.424 86.19 -56.07
29.727 50.76 -86.01
40.471 -45.356 36.476
-32.241 30.233 -85.746
-32.115 -26.655 -19.086
35.209 62.414 16.123
-94.348 -95.165 40.024
107.39 45.473 -66.423
82.942 75.915 51.814
82.541 -7.7838 -23.326
-60.101 -88.773 -73.868
-83.302 -62.677 -103.14
-26.405 1.5919 -23.366
33.253 -100.83 -69.785
-18.776 3.8524 -55.746
-52.136 -77.421 -3.1765
71.525 8.4621 69.126
-15.967 16.47 -35.921
100.61 81.087 103.68
6.2541 65.153 -41.937
8.0775 -17.209 -56.282
-60.015 -97.024 95.368
100.88 -0.7764 39.883
-37.669 87.49 -28.433
55.9 -82.593 -87.716
-81.172 97.875 63.472
44.109 -52.536 -42.697
-8.3702 -65.004 -22.962
35.427 -6.1952 -49.152
82.236 -25.842 22.941
-36.359 -42.723 -12.216
96.588 -52.529 -43.982
76.483 -80.85 67.769
-7.7222 -101.66 -61.495
-74.438 -42.928 -91.324
