6 6 6
-31.097 -13.797 -14.097
-31.097 -13.797 14.097
-31.097 13.797 -14.097
31.097 -13.797 -14.097
31.097 13.797 14.097
-29.639 6.5159 -38.054
-29.639 6.5159 38.054
-29.639 -6.5159 -38.054
29.639 6.5159 -38.054
29.639 -6.5159 38.054
9.4532 27.508 13.388
9.4532 27.508 -13.388
9.4532 -27.508 13.388
-9.4532 27.508 13.388
-9.4532 -27.508 -13.388
34.189 -6.5815 25.509
34.189 -6.5815 -25.509
34.189 6.5815 25.509
-34.189 -6.5815 25.509
-34.189 6.5815 -25.509
17.073 2.4158 -11.17
17.073 2.4158 11.17
-17.073 2.4158 -11.17
-17.073 -2.4158 11.17
22.691 -25.088 28.474
22.691 -25.088 -28.474
22.691 25.088 28.474
-22.691 -25.088 28.474
-22.691 25.088 -28.474
-33.057 36.262 -40.279
-33.057 36.262 40.279
-33.057 -36.262 -40.279
33.057 36.262 -40.279
33.057 -36.262 40.279
-6.8933 9.0107 -26.065
-6.8933 9.0107 26.065
-6.8933 -9.0107 -26.065
6.8933 9.0107 -26.065
6.8933 -9.0107 26.065
-25.321 -26.885 1.4841
-25.321 26.885 1.4841
25.321 -26.885 1.4841
25.321 26.885 -1.4841
-35.475 -35.106 -23.152
-35.475 -35.106 23.152
-35.475 35.106 -23.152
35.475 -35.106 -23.152
35.475 35.106 23.152
-37.463 38.681 2.8955
-37.463 -38.681 2.8955
37.463 38.681 2.8955
37.463 -38.681 -2.8955
-15.069 -29.803 -37.829
-15.069 -29.803 37.829
-15.069 29.803 -37.829
15.069 -29.803 -37.829
15.069 29.803 37.829
20.95 -38.215 -13.547
20.95 -38.215 13.547
20.95 38.215 -13.547
-20.95 -38.215 -13.547
-20.95 38.215 13.547
16.312 -1.5122 36.749
16.312 -1.5122 -36.749
-16.312 -1.5122 36.749
-16.312 1.5122 -36.749
15.647 41.986 -37.69
15.647 41.986 37.69
15.647 -41.986 -37.69
-15.647 41.986 -37.69
-15.647 -41.986 37.69
36.005 -28.295 -11.885
36.005 -28.295 11.885
36.005 28.295 -11.885
-36.005 -28.295 -11.885
-36.005 28.295 11.885
35.479 20.08 1.2203
35.479 -20.08 1.2203
-35.479 20.08 1.2203
-35.479 -20.08 -1.2203
12.113 42.884 1.2513
12.113 -42.884 1.2513
-12.113 42.884 1.2513
-12.113 -42.884 -1.2513
-12.886 -39.343 25.742
-12.886 -39.343 -25.742
-12.886 39.343 25.742
12.886 -39.343 25.742
12.886 39.343 -25.742
-1.6698 37.395 -16.312
-1.6698 37.395 16.312
-1.6698 -37.395 -16.312
1.6698 -37.395 16.312
19.372 16.394 -36.632
19.372 16.394 36.632
19.372 -16.394 -36.632
-19.372 16.394 -36.632
-19.372 -16.394 36.632
-40.933 -22.703 -25.265
-40.933 -22.703 25.265
-40.933 22.703 -25.265
40.933 -22.703 -25.265
40.933 22.703 25.265
2.5201 -16.398 -13.155
2.5201 -16.398 13.155
2.5201 16.398 -13.155
-2.5201 16.398 13.155
-1.551 14.814 40.21
-1.551 14.814 -40.21
-1.551 -14.814 40.21
1.551 -14.814 -40.21
-41.119 12.657 -42.279
-41.119 12.657 42.279
-41.119 -12.657 -42.279
41.119 12.657 -42.279
41.119 -12.657 42.279
-42.195 -41.919 -33.726
-42.195 -41.919 33.726
-42.195 41.919 -33.726
42.195 -41.919 -33.726
42.195 41.919 33.726
42.751 -6.5933 -15.327
42.751 -6.5933 15.327
42.751 6.5933 -15.327
-42.751 -6.5933 -15.327
-42.751 6.5933 15.327
29.344 22.909 41.01
29.344 22.909 -41.01
29.344 -22.909 41.01
-29.344 22.909 41.01
-29.344 -22.909 -41.01
-11.836 18.477 -0.32483
-11.836 -18.477 -0.32483
11.836 18.477 -0.32483
11.836 -18.477 0.32483
-4.1673 -22.904 27.559
-4.1673 -22.904 -27.559
-4.1673 22.904 27.559
4.1673 22.904 -27.559
2.7491 34.711 41.559
2.7491 34.711 -41.559
2.7491 -34.711 41.559
-2.7491 -34.711 -41.559
42.395 -2.1453 36.116
42.395 -2.1453 -36.116
-42.395 -2.1453 36.116
-42.395 2.1453 -36.116
42.657 27.701 -41.048
42.657 27.701 41.048
42.657 -27.701 -41.048
-42.657 27.701 -41.048
-42.657 -27.701 41.048
